residual = 2.6423307986078726e-14 1.4377388168895777e-14 -6.6058269965196814e-15 5.6066262743570405e-14 -3.524958103184872e-14 
rozwiazanie = 0.99999999956795693 -0.99999999990747401 1.0000000011115386 -1.0000000014510555 1.0000000018794266 
rezydualny = 2.6423307986078726e-14 1.4377388168895777e-14 -6.6058269965196814e-15 5.6066262743570405e-14 -3.524958103184872e-14 
blad = 5.6066262743570405e-14 limit = 1e-13
Test zaliczony
